   1.0000000e+00
   1.0000000e+00
   3.7000000e+09
   3.0000000e+17
   1.5000000e+20
   5.7000000e+01
   7.0000000e-02
   6.5000000e-03   8.0000000e-03   8.0000000e-03   8.0000000e-03   8.0000000e-03   8.0000000e-03   8.0000000e-03   6.5000000e-03   8.0000000e-03   8.0000000e-03   8.0000000e-03   8.0000000e-03   8.0000000e-03   8.0000000e-03   6.5000000e-03   8.0000000e-03   8.0000000e-03   8.0000000e-03   8.0000000e-03   8.0000000e-03   8.0000000e-03   6.5000000e-03   8.0000000e-03   8.0000000e-03   8.0000000e-03   8.0000000e-03   8.0000000e-03   8.0000000e-03   6.5000000e-03   8.0000000e-03   8.0000000e-03   8.0000000e-03   8.0000000e-03   8.0000000e-03   8.0000000e-03   6.5000000e-03   8.0000000e-03   8.0000000e-03   8.0000000e-03   8.0000000e-03   8.0000000e-03   8.0000000e-03   6.5000000e-03   8.0000000e-03   8.0000000e-03   8.0000000e-03   8.0000000e-03   8.0000000e-03   8.0000000e-03   6.5000000e-03   8.0000000e-03   8.0000000e-03   8.0000000e-03   8.0000000e-03   8.0000000e-03   8.0000000e-03   6.5000000e-03
   0.0000000e+00   8.5000000e-03   1.8500000e-02   2.8500000e-02   3.8500000e-02   4.8500000e-02   5.8500000e-02   6.8500000e-02   7.7000000e-02   8.7000000e-02   9.7000000e-02   1.0700000e-01   1.1700000e-01   1.2700000e-01   1.3700000e-01   1.4550000e-01   1.5550000e-01   1.6550000e-01   1.7550000e-01   1.8550000e-01   1.9550000e-01   2.0550000e-01   2.1400000e-01   2.2400000e-01   2.3400000e-01   2.4400000e-01   2.5400000e-01   2.6400000e-01   2.7400000e-01   2.8250000e-01   2.9250000e-01   3.0250000e-01   3.1250000e-01   3.2250000e-01   3.3250000e-01   3.4250000e-01   3.5100000e-01   3.6100000e-01   3.7100000e-01   3.8100000e-01   3.9100000e-01   4.0100000e-01   4.1100000e-01   4.1950000e-01   4.2950000e-01   4.3950000e-01   4.4950000e-01   4.5950000e-01   4.6950000e-01   4.7950000e-01   4.8800000e-01   4.9800000e-01   5.0800000e-01   5.1800000e-01   5.2800000e-01   5.3800000e-01   5.4800000e-01
   7.0000000e+00
   1.0000000e+02
   1.0000000e-04
   1.0000000e+01
