wg_nb = 45
wg_modes_nb = 3
f = 3700000000
nz_min = -20
nz_max = 20
ny_min = -2
ny_max = 2
nz_nb = 4000
ny_nb = 20
b = 6.50E-03 8.00E-03 8.00E-03 8.00E-03 8.00E-03 8.00E-03 8.00E-03 6.50E-03 8.00E-03 8.00E-03 8.00E-03 8.00E-03 8.00E-03 8.00E-03 6.50E-03 6.50E-03 8.00E-03 8.00E-03 8.00E-03 8.00E-03 8.00E-03 8.00E-03 6.50E-03 8.00E-03 8.00E-03 8.00E-03 8.00E-03 8.00E-03 8.00E-03 6.50E-03 6.50E-03 8.00E-03 8.00E-03 8.00E-03 8.00E-03 8.00E-03 8.00E-03 6.50E-03 8.00E-03 8.00E-03 8.00E-03 8.00E-03 8.00E-03 8.00E-03 6.50E-03
a = 7.00E-02 7.00E-02 7.00E-02 7.00E-02 7.00E-02 7.00E-02 7.00E-02 7.00E-02 7.00E-02 7.00E-02 7.00E-02 7.00E-02 7.00E-02 7.00E-02 7.00E-02 7.00E-02 7.00E-02 7.00E-02 7.00E-02 7.00E-02 7.00E-02 7.00E-02 7.00E-02 7.00E-02 7.00E-02 7.00E-02 7.00E-02 7.00E-02 7.00E-02 7.00E-02 7.00E-02 7.00E-02 7.00E-02 7.00E-02 7.00E-02 7.00E-02 7.00E-02 7.00E-02 7.00E-02 7.00E-02 7.00E-02 7.00E-02 7.00E-02 7.00E-02 7.00E-02
y = 0.00E+00 0.00E+00 0.00E+00 0.00E+00 0.00E+00 0.00E+00 0.00E+00 0.00E+00 0.00E+00 0.00E+00 0.00E+00 0.00E+00 0.00E+00 0.00E+00 0.00E+00 8.20E-02 8.20E-02 8.20E-02 8.20E-02 8.20E-02 8.20E-02 8.20E-02 8.20E-02 8.20E-02 8.20E-02 8.20E-02 8.20E-02 8.20E-02 8.20E-02 8.20E-02 1.64E-01 1.64E-01 1.64E-01 1.64E-01 1.64E-01 1.64E-01 1.64E-01 1.64E-01 1.64E-01 1.64E-01 1.64E-01 1.64E-01 1.64E-01 1.64E-01 1.64E-01
z = 0.00E+00 9.50E-03 1.95E-02 2.95E-02 3.95E-02 4.95E-02 5.95E-02 7.05E-02 8.00E-02 9.00E-02 1.00E-01 1.10E-01 1.20E-01 1.30E-01 1.41E-01 0.00E+00 9.50E-03 1.95E-02 2.95E-02 3.95E-02 4.95E-02 5.95E-02 7.05E-02 8.00E-02 9.00E-02 1.00E-01 1.10E-01 1.20E-01 1.30E-01 1.41E-01 0.00E+00 9.50E-03 1.95E-02 2.95E-02 3.95E-02 4.95E-02 5.95E-02 7.05E-02 8.00E-02 9.00E-02 1.00E-01 1.10E-01 1.20E-01 1.30E-01 1.41E-01
ne = 37880000000000000
dne = 24166000000005640192
B0 = 2.95E+00
