  9.0000000e+00
  3.0000000e+00
  2.9500000e+00
  3.7000000e+09
  4.0140000e+18
  2.0070000e+20
  7.6000000e-02  7.6000000e-02  7.6000000e-02  7.6000000e-02  7.6000000e-02  7.6000000e-02  7.6000000e-02  7.6000000e-02  7.6000000e-02
  1.3000000e-02  1.4650000e-02  1.3000000e-02  1.4650000e-02  1.3000000e-02  1.4650000e-02  1.3000000e-02  1.4650000e-02  1.3000000e-02
  0.0000000e+00  0.0000000e+00  0.0000000e+00  0.0000000e+00  0.0000000e+00  0.0000000e+00  0.0000000e+00  0.0000000e+00  0.0000000e+00
  0.0000000e+00  1.6825000e-02  3.5300000e-02  5.2125000e-02  7.0600000e-02  8.7425000e-02  1.0590000e-01  1.2272500e-01  1.4120000e-01
  -2.0000000e+00
  -4.0000000e+00
  2.0000000e+00
  4.0000000e+00
  4.0000000e+01
  4.0000000e+02
