  1.6000000e+01
  4.0000000e+00
  2.9500000e+00
  4.6000000e+09
  2.0000000e+18
  1.0000000e+20
  6.0000000e-02  6.0000000e-02  6.0000000e-02  6.0000000e-02  6.0000000e-02  6.0000000e-02  6.0000000e-02  6.0000000e-02  6.0000000e-02  6.0000000e-02  6.0000000e-02  6.0000000e-02  6.0000000e-02  6.0000000e-02  6.0000000e-02  6.0000000e-02
  7.0000000e-03  7.0000000e-03  7.0000000e-03  7.0000000e-03  7.0000000e-03  7.0000000e-03  7.0000000e-03  7.0000000e-03  7.0000000e-03  7.0000000e-03  7.0000000e-03  7.0000000e-03  7.0000000e-03  7.0000000e-03  7.0000000e-03  7.0000000e-03
  0.0000000e+00  0.0000000e+00  0.0000000e+00  0.0000000e+00  8.1000000e-02  8.1000000e-02  8.1000000e-02  8.1000000e-02  1.6200000e-01  1.6200000e-01  1.6200000e-01  1.6200000e-01  2.4300000e-01  2.4300000e-01  2.4300000e-01  2.4300000e-01
  0.0000000e+00  8.5000000e-03  1.7000000e-02  2.5500000e-02  0.0000000e+00  8.5000000e-03  1.7000000e-02  2.5500000e-02  0.0000000e+00  8.5000000e-03  1.7000000e-02  2.5500000e-02  0.0000000e+00  8.5000000e-03  1.7000000e-02  2.5500000e-02
  -2.0000000e+00
  -1.0000000e+01
  2.0000000e+00
  1.0000000e+01
  2.0000000e+01
  2.0000000e+02
